Amino		B			I			E
A	1.32080822300092	0.796729641170694	1.06121847757798	
C	1.97405865222936	0.651515049787623	0.1696674238618	
D	0.40469020978886	1.19136745429387	1.58921347576688	
E	0.266402111119063	1.23815564833028	1.71725717750335	
F	1.70070228571648	0.761133012367076	0.357984612719894	
G	1.01531177829219	0.931676484620215	1.22462764984828	
H	0.713967111820964	1.14575178318211	1.07961811524151	
I	1.85141148232815	0.699677333299855	0.258018155645062	
K	0.132629755982852	1.25676113509974	1.9419276952147	
L	1.6581603484724		0.772607302196802	0.408415713565284	
M	1.54857325130045	0.806881365480407	0.520487265030775	
N	0.540348539334983	1.09402688955719	1.6581576090975	
P	0.645379295387895	1.07316639430345	1.50540531156379	
Q	0.405026598011973	1.28911005571896	1.21881138632913	
R	0.327508996544453	1.38282357147379	1.03535481398301	
S	0.858426564489907	1.08932760141472	0.974406517046584	
T	0.872060803122526	1.09363655141779	0.928039746241716	
V	1.7110455773604		0.748758262047232	0.381973408296941	
W	1.35543612646105	0.954688640658063	0.3874491924098	
Y	1.13283857824254	1.07609721311772	0.419225587370612	
