Amino	1(H)			2(E)			3(C)
A	1.42750654784579	0.765342530917871	0.789266370147359	
C	0.807793068437838	1.32537033551646	0.993733770023246	
D	0.81068532171929	0.574290148356113	1.33664048750526	
E	1.33334961909789	0.69887763128427	0.889959147112985	
F	1.00229250009025	1.39560505844507	0.816542687029699	
G	0.453857144462576	0.648983146640274	1.56820182338095	
H	0.881325706115017	0.964734413241472	1.1046273426847	
I	1.05884539779256	1.71061753698038	0.629681215599034	
K	1.14651695373023	0.794781569450186	0.985110096568996	
L	1.32771858511771	1.11257808896684	0.704092351356648	
M	1.2654434892835		0.989662578967804	0.806964179847141	
N	0.774143164909798	0.620678480271554	1.34255671655616	
P	0.418766143503236	0.43639866341033	1.69201424570072	
Q	1.28361400350662	0.773122733733476	0.892908000026694	
R	1.19819709683788	0.889310339593485	0.903174146424656	
S	0.78252932296237	0.845321301864728	1.23310253469614	
T	0.772068849692315	1.22929031094551	1.0644934528682	
V	0.892958740320594	1.91575732752109	0.659039840437598	
W	1.02781078616792	1.31064496257909	0.836561138822056	
Y	0.978174714847575	1.40768990441648	0.828961102455069	
